40
276 234 0 0 0 0
276 342 0 0 0 0
276 450 0 0 0 0
276 558 0 0 0 0
276 666 0 0 0 0
384 234 0 0 0 0
384 342 0 0 0 0
384 450 0 0 0 0
384 558 0 0 0 0
384 666 0 0 0 0
492 234 0 0 0 0
492 342 0 0 0 0
492 450 0 0 0 0
492 558 0 0 0 0
492 666 0 0 0 0
600 234 0 0 0 0
600 342 0 0 0 0
600 450 0 0 0 0
600 558 0 0 0 0
600 666 0 0 0 0
708 234 0 0 0 0
708 342 0 0 0 0
708 450 0 0 0 0
708 558 0 0 0 0
708 666 0 0 0 0
816 234 0 0 0 0
816 342 0 0 0 0
816 450 0 0 0 0
816 558 0 0 0 0
816 666 0 0 0 0
924 234 0 0 0 0
924 342 0 0 0 0
924 450 0 0 0 0
924 558 0 0 0 0
924 666 0 0 0 0
1032 234 0 0 0 0
1032 342 0 0 0 0
1032 450 0 0 0 0
1032 558 0 0 0 0
1032 666 0 0 0 0
Click on a block to edit it